73 3 42 73 73 26 61 73
73 73 73 73 25 73 73 73 73 73 73 36 73 28 73 73 32 73
73 3 42 73 27 26 61 61 61 61 61 61 73
73 73 6 73 37 73 38 71 71
73 3 42 18 73 73 73 35
73 73 73 73 73 73 17 53 73 73 36 69
73 73 73 73 73 73 73 35 68 32 73 8
73 73 73 73 10 73 73
73 16 52 73 38 73 73 19 55
73 38 71 71 73 73 73 73 73 73 73 35 32
73 17 73 73 73 15 51
73 73 23 73 20 56 56
73 73 20 56
73 73 73 73 73 32 73 73 73 73 8 44 44 73 25
73 73 73 73 73 23 59 20 56 56
73 73 6 73 73 73 73 10 46 73 38 73
73 73 73 20 56 56
73 73 73 73 73 37 70
73 19 55 73 73 16 52 52 52 52 52
32 73 5 38 71 73 73 25 73
73 73 22 23 30 73 4 29
73 73 18 47 47 47 47 47 73 27 73
73 73 18 73 3 42 73 26 61 73
73 73 23 59
73 73 6 73 5
73 73 73 73 73 73 38 71 73 37
38 71 71 73 24 60 60
73 73 73 73 25 73 73 35 9 32 36 69 73 5
73 73 73 42 42 73 73 26 61
73 73 73 26 61
73 73 18 73 26 61 61
73 73 20 56 56 56 30 29
73 73 40 73
73 17 73 73 36
73 11 47 47 47 61 61 61 61 73
73 73 23 59 73 73 56 56
73 20 56 56 56 30 73 4 29
73 73 23 59
73 73 73 73 73 73 5 43 73 38 71 71
73 38 71 73 8
73 73 35 18 73 3 42 42 73 34
73 20 56 56 56 56 56 73 56 56 56 30 73 73 4
73 3 73 73 73 40
73 73 73 73 73 5 43 37
73 73 18 73 3 42
73 73 73 73 73 73 73 73 73 5 43 43 50 50 50 73 38 71 71 71
73 73 73 3 42
73 73 21 30 73 26 73 30
73 73 73 73 25 73 73 32 73 5
73 73 32 73 8 73 25 73
73 73 35 49 61 61 61
73 73 73 73 73 32 73 73 9 73 5 73 73 73 73 25
73 73 20 56 56 23 59 73 73
73 73 32 73 24 73 38 71 71
73 73 23 73 56 56 73 56 73 73 26 61 73 30
73 73 73 73 25 73 73 32 73 73 36 73
73 22 22 23 30 29
73 73 20 56 56 56 30
73 16 52 73 15 51
73 73 73 20 56 56
73 73 73 73 73 73 5 37 73 38 71 71
73 73 7 73 5
73 73 73 18 73 27 73 73 26 61 61
73 73 20 56 56 56 56 23
73 73 73 11 73 27 73 73 26
73 73 23 73 36 17 53
73 73 73 73 73 73 32 73 25 73 73 33
73 73 35 18 54 73 3 42 73 34
73 73 18 73 26 61
24 60 66 32 73 25 71 73 24 60 60 60
73 11 73 26 61
73 73 3 42 18 73
73 30 73 73 4 29 73 22 23
73 73 23 59 73 17 53 36 69
73 73 73 35 73 73 3 42 42
73 18 73 27 26 61 73
73 11 47 47 47 73 26 61
73 22 23 73 30
73 73 73 73 73 18 73 73 40
73 73 73 35 18 73 3 42 73 34 67
73 73 23 59 73 20 56
73 20 56 56 56 56 56 56 73 30
73 3 42 73 27 26 61 61 61
73 73 73 73 73 73 73 10 46
73 11 47 47 61 61 73
73 73 73 73 20 52
73 73 73 7 73 73 10 46
73 73 3 42 18 73 26 61 61 47 47 73
73 73 18 73 73 26 61 73
73 38 73 52
73 26 73 73 73 3 42
73 73 3 42 73 34
73 30 73 73 22 23
73 11 47 73 27 26 61 73
73 73 73 73 3 73 47 73 73 73 73 26 61 61
73 73 73 16 52 52 73 73 73 15 51
73 73 22 21 73 30
73 3 42 18 73 27 26 61
73 73 18 3 42 42 73 26 61
73 73 73 20 56 56
73 2 61 41 73 3 42
73 73 2 41 41 73 34
73 73 73 73 52 52 52
73 11 47 73 27 26 61 61 61 73
73 73 73 16 52 52 73
73 30 73 56 56 56 73 73 73 73 73 4 73 73 73 73 30
73 27 26 73 73 11 47 61 61 61
73 73 3 42
73 73 18 73 26
73 73 73 73 73 38 73
73 73 73 34
73 73 73 3 73 18 73 27 26 61 61 61 73
73 73 73 6 73 38 71 73 5 43 37
73 73 73 23 59 56 56 56 56
73 73 73 73 73 73 7 73 5 43 44
73 73 6 73 5
73 73 23 59 73 20 56 56 56
73 73 23 59 73 20 56 56
73 73 18 73 73 41 41 42 73 3 42
73 11 47 47 47 61 73
73 73 73 73 31 64
73 73 73 73 73 10 46 73 73 73 38 71 71
73 73 73 73 73 23 20 56 56 23 73 20
73 73 73 20 56 56 56 56 56 30 29 73 73 73 73 73 4
73 73 73 73 73 22 21 73 30 73 73 4 29
73 3 42 73 26 61 61
73 73 32 73 73 33 66 36 63 63 73 25 73
73 6 73 36 73 8
73 73 32 73 25 73 73 38 73 73 8 44 44 44 44
73 73 23 73 17 73 38 73 15 51 51
73 73 6 73 73 37 70 70
73 73 23 59
73 20 56 56 56 30 73 73 4
73 73 73 73 73 5
73 73 73 18 73 40
73 73 73 20 56 56
73 73 22 23 30 29 73 73 4
73 73 16 52 52 73
73 73 18 73 26 61 61 61 61
73 3 42
73 73 73 73 73 38 71 71 73 5 43 73 7 73
73 73 73 73 73 33 66 73 73 73 73 73 25 73 37
73 73 73 34 73 3 42
73 11 47 73 27 26 73
73 73 23 59 20 56 56
73 3 42 73 26 61 61 61
73 73 73 73 73 73 73 73 73 5
73 73 73 73 73 5 37
73 73 73 16 52 52 52
73 73 73 73 73 73 8 44 44 44 73 38 71 71
73 17 53 73 73 36 69 69
73 73 73 73 73 73 38 71 71 10
73 73 18 2 41 41 41
73 3 42 18 73
73 73 73 73 18 73 27 26 61 61 73
73 38 73 38 73 73 10 73 73 73 7
73 73 73 73 73 20 56 56
73 3 42 47 47 47 73 73 26 61 73
73 73 3 42 73 73 40
73 73 73 36 28 63 63 63 73 73 35 68 73 73 9 45 32
73 73 16 52 52 52 52 52 73
73 73 6 73 14 50 50 50 50
73 22 23 73 30
73 73 73 73 73 73 32 36 73 73 25 73 73 73 33 73 38
73 73 35 68 73 73 38 28 71 71 73 73 32
73 73 73 16 51 73 16 52 52 52 52
73 73 18 59 73 47 73 27 18 61 61 47 47 73 73 73
73 73 23 73 20 56
73 73 73 73 25 73 38 73 37
73 73 73 73 23 59
73 73 32 73 25 73 38 71
73 73 73 73 73 73 17 73 73 73 23 59 36
73 73 73 73 73 73 25 73 73 5 37
73 73 23 59 73 15 51
73 73 23 20 56 56 56 56
73 73 35 18 73 73 40
73 11 47 73 27 26 61 61 73
73 73 7 73 37
73 22 29 73 73 73 73 30 73 73 4 29 73 73
73 73 73 6 73 37
73 26 61 61
73 73 18 73 73 40
73 73 73 73 73 73 37 73 38 71 71
73 73 73 11 47 26 61 61
73 73 73 73 20 56 56 56 56 73 73 73 23
73 73 73 73 20
73 11 47 47 47 47 73 27 26 61 73
73 73 18 73 73 26 73
73 73 73 73 73 73 73 32 73 8 73 73 73 73 25 73 73 73 9
73 26 61 61 73 73 73 3 42 47 47 47
73 73 22 21 30 29
73 22 23 30 73 4
73 73 73 20 56 56 56 56 56 73 30 73 73 4 29
73 73 73 73 73 73 38 73 73 31 64
73 73 73 73 73 23 20 56 56 56 56 56 56 56
73 73 34 73 73 3 18
73 73 73 23 59
73 73 73 73 73 24 60 60 60 60 60 73 73 36 32
73 73 35 68 18 73 3 42 73 34 67
73 73 73 20 23
73 73 3 42 18 73 26 61 61 73
73 73 73 7 73 38 71 71 73 37 73 36
73 73 73 73 73 23 59 73 20 56 56
73 73 73 73 73 73 73 73 73 32 73 73 9 36 69 69 69 73 8 44
73 73 73 73 73 73 5
73 73 18 73 27 26 61 73
73 22 23 30 73 73 4
73 73 73 20
73 73 23 73 16 52 52 52 52 73 73 36 19 55
73 73 73 73 73 73 5 43 8 73 38 71 38
73 73 73 73 73 73 37
73 73 35 18 73 40
73 3 42 73 73 73 34
73 73 73 73 23 73 73 20 56
73 73 73 73 73 8 36 38 73
73 3 42 18 73 26 61 61 61 73
73 73 56 56 56
73 18 3 42 42 73 27 26 61 61 73
73 73 73 73 73 20 56
73 73 73 73 73 5 43
73 73 40 73
73 73 23 59 73 20 56
73 34 73 73 2 42 41 41 41 41 41
73 73 73 73 73 23 59 73 15 51
73 73 11 47 73 27 73 73 27 26 61 61 73
73 73 35 18 73 3 42 73 34 67
73 73 73 23 59 20 56 56
73 73 64 64 64 64 64 73 5 37 73 38 71 71
73 73 23 73 20 56 56 56
73 73 42 42 73 18 73 73 73 27 26 61 73
73 17 53 73 36 19 55
73 73 23 20 56 56
73 73 73 73 16 52 52 73 36 73 38 71 71 71
73 73 73 38 71 73 8 44 44 44 44 73 73 32
73 73 73 73 3 42 73 35 68
73 17 73 73 73 36 19
73 73 73 73 73 73 5 43 43 73 8
73 73 73 73 73 73 73 73 23 20
73 73 73 26 61 61 73 73 3 42
73 65 73 8 73 25
73 73 73 23 59
73 73 73 73 24 60 60 60 73 31 64 64 73 37 70
73 73 20 56 56
73 73 23 59 73 17 36 69 69
73 73 73 73 73 73 16 73 19 55 73 38 71
73 2 41 72 73 73 3 42
73 73 73 73 73 73 5 37
73 73 13 73
73 22 22 23 30 73 73 4
73 22 23 30 29
73 73 73 73 73 38 73 73 10 46
73 40 73 73 3 42 42
73 73 73 73 73 36 69 73 14 50 50 73 38 73
73 73 35 3 42 18 2
73 3 42 73 3 42
73 73 23 73 16 52 52 52 52 73 73 36 19 38 71 71
73 73 20 56 73 73 56 23
73 73 73 73 73 22 23 30 73 73 4 29
73 73 23 59 73 17 53 73 38 71 71 71 36 69 69
73 73 23 20 56 56 56
73 73 18 73 26 61 61 73
73 73 73 36 19 55 73 16 52 52 52 38 71
73 73 73 73 73 8 73 38
73 73 73 11 73 73 26 61 73 73 73 26 61
73 38 71 71 73 73 73 73 73 73 37 73 20 36 36 69 73 73
73 73 73 73 73 8 38 71 71 63 73 28 28
73 73 18 73 3 42 73 26 61
73 73 18 73 3 42
73 18 73 26
73 73 73 73 73 73 73 73 8
73 73 73 34
73 11 47 47 73 27 26 61 61 73
73 73 73 73 73 25 71 71 71 73 73 32 73 25 73 73 73 73 73 33 66 66
73 73 73 73 73 32 65 73 37
38 71 71 71 73 73 73 73 60 73 73 73 33 73 73 73 32 73 36 37
73 73 23 59 73 20
73 17 53 36 69 73 73 23 59
73 73 73 73 25 73 73 12 32 65 73 8
73 73 73 20 56 56 56 30 29 73 73 73 73 73 4
73 73 73 73 73 38 71 71 73 73 32 73 73 33
73 73 20 56 56 56
73 73 73 73 73 25 73 73 32 73 37 70
73 73 73 16 52 52 73
73 73 73 73 6 73 8 44 8
73 73 35 18 73 73 3
73 73 17 53 73 73 15 51 51
73 73 22 23 73 30
73 73 73 73 11 47 73 27 73 73 26
73 22 23 73 30 29
73 73 73 73 73 73 5 43 37 73 38 71
73 73 73 73 73 23 73 20 56
73 11 47 47 47 73 27 26 61 61
73 18 73 27 73 26 61
73 17 73 73 73 16 52 52
73 73 73 17 73 73 73 15 51
73 11 47 47 47 47 47 73 73 26 61 73
73 23 59
73 73 23 20 56 56 56 73 30
73 2 41 72 40 61 61 61
73 73 18 73 73 26 61 61 73
73 73 73 73 18 73 3 42 73 27 73 73 26 61 61
73 23 59
73 73 23 59 73 73
73 11 47 73 27 26 61 61 61 73
73 73 73 7 10 38 71 71
73 73 8
73 73 73 73 73 73 56 73 30
73 73 73 73 73 23 20 56
73 37 73 73 73 7 73 38 71
73 73 20 56 30 29
73 73 22 23 30 73 4 29
73 73 73 73 73 25 73 73 32 73 33 66 73 37 73 25 71 71 71
73 20 56 56 56 56 73 23
73 73 73 73 35 18 73 40
73 73 9 32 73 24 60 60 60
73 73 73 73 73 38 71 71 71 71 73 5
73 73 20 56 56 56 56 56 56 56 56 23
73 3 42
73 73 73 5 73 73 37
73 16 52
73 73 73 36 19 55 73 16 52 52 52 52
73 73 73 73 23 59 73 15 51
73 73 73 73 73 25 73 73 35 32 38 71 71 71 73 5
73 3 42 73 34
73 20 56 73 56 73 23
73 73 20 56 56 56 56 23
73 73 25 73 73 35 32 65
73 73 73 73 73 25 73 73 73 36 37 32 38 71 71 71
73 73 6 38 73 37
73 73 73 23 20 56 73 56 56 23 20
73 23 59
73 23 59 73 15 51 51
73 73 73 73 73 37 73 38
73 73 73 18 73 27 26 61 73
73 73 73 32 73
73 20 56 56 56 73 23
73 73 41 41 41 73 3 42
73 20 56 56 56 56 56 56
73 23 59 73 17 73 36 69
73 73 73 73 73 23 59 73 20 56 56 56 56 56
73 3 42 73 27 26 61 73
73 73 42 42 73 73 73 40
73 73 18 73 27 26 61 61
73 18 73 26 61 61 73
73 73 73 16 52 52 52 52 52 52 71
73 30 73 73 4 29 73 73 22 23
73 73 73 73 73 73 32 73 25 38 71 71 71 71 73 5
73 73 35 67 73 73 73 40 18 73 3
73 73 73 36 19 73 16 52 52 52 52
73 73 73 73 73 73 73 23 73 20 56 56 56 56 56 56
73 17 73 36 69
73 73 32 36 73 28
73 20 56 56 56 23
73 73 2 72 41
73 73 23 59 73 20
73 16 52 73 73 73 73 15 51 51
73 73 22 23 30 29
73 73 38 71 10
73 17 53 73 73 73 73 36 19 55
73 22 23 30 73 4 29
73 73 73 73 73 16 52 52 52
73 73 73 73 73 73 73 73 30 73 73 4
73 73 73 23 73 17 36 69 69
73 73 73 73 25 73 73 8 44 44 44
73 73 73 20 56 56 56 73 73 73 73 4 73 73 73 73 30
73 17 53 73 73 36
73 73 73 73 6 10 73 73
73 73 73 73 73 21 73 56 56 56 30 29
73 73 73 73 73 73 73 73 73 16 52 52 52 52 52 52 52 52 73 15 51
73 73 72 41 41 73 3 42
73 73 73 73 31 64 64 64 64 64 36 73 28
73 11 47 27 26 61 61 73
73 73 73 20 56 73 23
73 73 32 73 37 73 73 60
73 73 73 73 22 23 30 29 73 73 73 73 73 4
73 73 73 73 73 9 32 73 37 73 24 60 60 60 60
73 6 73 73 73 73 73 14 50 50 50 50
73 18 73 26 61 73
73 73 73 73 73 35 9 32 73 36 73 24 60 60
73 73 73 73 73 25
73 73 18 73 27 26 73
73 22 23 73 30
73 73 73 73 73 73 73 73 73 69 69 36 14 50 50 50 50
73 73 73 73 73 5 73 38 71 71 73 31 64 64 64 64 64 64
73 73 73 73 73 25 73 31 64 73 8
73 73 73 73 73 23 20 56 56
73 73 73 73 73 73 73 73 25 73 38
73 73 73 73 24 73 25 73 38 64 64 73 73 73 73 37
73 73 73 32 73 25 73 5
73 73 73 73 73 73 25 38 71 71 73 8 44 64 44
73 73 23 55 73 16 73 16 52 52 52
73 73 73 20 56 56 56 56 56 56 56 56 23 59
73 73 73 73 36 73 5 64 71 71 71
73 27 73 26 73 73 73 11 47 47
73 73 73 56 56 23 59
73 23 59
73 2 73
73 73 73 17 53 73 73 73 73 73 36 19 55
73 73 73 73 73 73 23 20 56
73 73 73 16 52 73 73 73 19 55
73 73 23 20 56
73 73 73 73 73 7 73 14 50 50 50
73 73 18 73 27 62 26 61 73
73 73 18 73 3 42 42
73 73 20 56 56 56 56 73 30 73 4
73 73 73 16 52 52 52 52 52 73 73 73 19 55
73 11 47 73 27 26 61 61 61 73
73 73 73 73 73 16 52 52
73 73 73 15 51 73 73 16 52
73 73 73 6 73 5 43 43
73 3 42 73 73 34 73 73 35
73 20 56 56 73 56 56 30 73 4
73 73 73 23 59 20 56 56
73 73 73 73 73 23 59 73 20
73 73 18 2 41 41 41 41
73 73 73 20 56 30 29 73 73 4
73 2 41 61 61 61
73 11 47 27 26 61 73
73 11 47 47 73 27 26 61 73
73 73 73 16 52 52 73 73 15 51
73 11 47 47 61 61 61 61 73
73 21 20 56 56 30 29 73 73
73 20 56 56 56
73 73 73 36 19 55 73 16 52 52 52 52 52
73 18 73 73 3 42 73 34 73 73 35
73 73 23 20 56 56
73 73 35 32 73 9 73
73 17 53 73 73 36 69 69 73 73
73 73 73 73 73 73 23 73 73 23
73 73 73 73 73 73 73 35 32
73 73 73 73 73 7 73 8 44 38 71 71
73 73 73 73 73 32 73 25 36 73
73 20 56 56 30 73 4 29
73 23 20 56 56 56 56 30 29 73 73 56
73 73 73 73 73 32 73 5 37
73 73 73 73 20 56 56 73 23 59
73 73 73 73 73 73 32 65 73 73 33
73 73 18 73 3 42 73 27 26 61 61 61 73
73 73 3 42 73 27 26 61 61 61 73
73 73 73 73 73 8
73 22 23 73 30
73 73 3 42 42 18 73 27 73 73 73 18 61
73 73 73 73 6 38 71 73 37
73 16 52 52 52 73 73 73 36 19 73 38
73 73 73 52 73 73 17 53 36 69 69
73 73 23 59 20 56 56
73 73 73 73 73 24 60 66 73 36 69 73 73 73 73 25
73 73 73 73 73 73 26 61 61 73 27 73 18
73 73 73 73 73 32 73 25 73 5
73 73 73 73 23 59 20 56
73 73 3 42 18 54 73 73 40 73 34
73 73 73 73 73 73 73 35 32 73 8 73 73 73 73 25
73 73 73 73 73 73 10 46 73 38 71
73 20 56 30 29 73 73 4
38 71 71 73 73 73 6 73 73 23 73
73 7 73 73 73 73 37 73 38 71
73 73 73 73 73 11 73 27 61 61 61 61 61
73 73 73 7 73 5 37
73 11 73 73 47 47 61 73
73 73 73 73 73 73 8 73 38 71
73 23 59 73 20 56 56 56 56 56 56 56
73 3 42 73 34 73 73 73 18 73 73 73 35
73 73 11 42 73 27 73 26 61 61
73 73 73 73 37
73 73 73 21 20 56 56 56 73 30 73 4 29
73 11 73 26 61
73 73 73 6 73 73 5 8
73 20 56 56 56 30 73 4
73 73 6 73 5
73 73 73 3 42 18
73 73 23 59 20 56 56
73 73 73 73 73 3 42 18 54
73 73 73 73 73 6 73 10 38 71 71 71
73 73 73 73 31 64 64 73 25 73 38 71 71
73 73 23 73 20 56 56 56 56
73 73 20 30 73 73 4
73 73 18 73 27 26 61 61 61 61 73
73 73 52 52 52 52 52
73 73 40 18 54 73 34
73 73 37 73 73 38
73 73 18 73 3 42
73 73 73 6 73 8
73 73 73 73 73 38 71 71 73 5 43
73 73 73 73 73 73 73 73 18 73 27 26 61 73
73 73 20 56 23
73 73 73 23 59 73 15 51
73 73 73 23 59
73 11 47 47 73 27 62 26 61 73
73 18 73 3 42 42
73 30 29 73 22 23
73 11 47 47 47 73 27 26 61 73
73 11 47 47 47 73 27 26 61 73
73 73 73 38 73 73 37 70
73 11 73 27 26 61 73
73 73 73 23 73 73 73 20
73 3 42 42 73 26 61
73 73 23 73 73 16 52 52 73 73 19 55
73 73 11 47 73 27 73 26 61 61
73 3 42 18 73 26 61 61 61 61
73 73 18 73 3 73 27 26 61 73
73 73 73 73 6 38 73 5
73 22 23 73 30 73 73 4
73 73 23 59 73 17 53 36 73 5 38
73 3 42 42 73 27 26 61 61 61 61 73
73 22 21 73 30
73 73 73 73 73 32 73 73 12 73 73 73 73 73 73 25
73 73 73 16 52 73
73 73 64 64 73 5 37
73 17 73 73 15 51
73 20 56 56 56 56 56 30 73 4
73 73 73 73 73 16 52
73 73 73 73 34
73 73 73 73 73 20 56 30 73 73 4
73 18 73 27 26 61 73
73 73 73 73 73 73 36 8
73 73 73 73 16 52 52 52 52 52
73 73 2 41 41 3
73 3 42 42 73 27 26 61 73
73 11 42 73 26 61
73 73 73 73 31 64 64 36 73 25 38 71 71 71
73 73 73 73 73 23 73 20 56
73 73 17 73 15 51
73 73 22 21 57 30 73 73 4 29
73 73 73 73 23 59
73 73 73 73 3 42 73 27 26 61 61 61 61 73
73 73 13 73 34
73 73 73 7 73 73 8 44 44
73 73 20 56 56 56 56 56 56 56 56
73 30 73 73 20 56 56
73 73 73 23 59 20 56 56 56
73 17 73 73 73 73 36 19
73 73 18 73 3 42 73 27 62 26 61 61 61 73
73 73 73 73 73 23 59 20 56 56 56
73 73 73 73 73 25 73 73 35 73 32 73 8
73 73 73 73 6 73 5
73 73 18 73 26 61 61 61 61 47 73
73 73 73 73 17 73 73 73 36 19 55
73 73 73 73 73 73 73 73 73 73 56
73 73 73 73 73 73 5
73 73 73 73 5 73 25 71 73 73 35 68 9 32
73 73 73 40 18 54
73 73 73 73 16 52 52 52
73 73 73 73 3 42 73 35 68 73 73 8 64 38 73
73 73 73 73 23 59 73 15 51
73 73 73 73 73 20 56 56 56
73 73 73 73 73 16 52
73 73 73 23 20 56 56
73 16 52 52 52 73
73 73 73 73 23 59
73 20 56 56 30
73 73 73 73 73 18 73 73 26 61 61 73
73 73 18 73 27 26 61 73
73 73 18 73 3 42 73 34
73 73 6 5 73 5 43
73 30 29 73 20 56 56
73 73 18 73 27 26 61 73
73 73 73 73 23 59
73 73 73 73 73 16
73 23 59 73 15 51
73 17 73 73 36 69 69
73 73 73 26 73 34
73 73 73 73 73 73 73 38 71 71 73 37
73 17 53 73 73 36 69 69 73 73
73 73 73 73 31 64 60 64 73 73 36 37
73 73 73 73 73 20 56 56 56 56 56 23
73 3 42 73 26 61 61 61 61
73 73 23 20 56
73 73 73 73 73 20 56 23 20 23 59
73 73 18 73 27 26 61 61 73
73 73 73 73 73 23 73 16 52 52 52
73 23 59 73 15 51
73 73 73 7 73 5 73 5 8
73 73 73 73 73 5 43
73 73 56 23
73 73 73 73 73 5 43 73 24 60 60 60 60 73 38 71
73 73 73 37 73 73 37 43
73 73 73 73 73 35 32 38 71 73 25 73 8
73 73 73 7 73 73 10 46 38 71 71
73 73 20 56
73 73 73 73 73 73 36 37 38 71 71 71
73 73 73 7 73 5 73 37 43 37
73 73 73 73 73 38 71 73 73 8
73 18 73 27 26 61 61 73
73 73 73 73 73 73 35 32 65 73 9 73 36 69 69 69 73 37 73 24 60 60 60 60
73 73 73 73 73 73 23 20 56 56 56
73 22 21 30 73 73 4
73 73 56 73 73 56
73 73 32 36 69 73 63 63 73 63 73 33 38 71 71 71
73 73 18 73 26 61 61
73 73 73 23 59 38
73 73 73 73 73 73 35 68 32 73 25 36 37 38 71
73 20 56 56 56 56
73 73 7 73 38 71 71 73 5 44 44
73 73 73 73 25 73 73 73
73 73 40 18
73 73 73 23 73 16 52 52 52 52 19 36
73 73 35 68 18 73 73 40 73 3 42
73 73 73 23 73 20 56 56
73 73 73 73 73 8 44 73 25 73 73 64
73 73 73 73 73 73 32 73 37 43 37
73 73 73 7 36 69 69 69 73 37
73 73 22 23 30 73 73 4 29
73 73 73 73 73 7 36 69 69 69
73 73 22 21 73 73 30 73 4 29
73 73 73 73 73 23 59 20 56 56 56
73 73 22 23 73 30
73 22 23 30 73 4 29
73 73 73 73 73 7 73 38 71 73 37
73 73 73 73 73 5
73 11 47 47 73 26 61 61
73 73 73 73 73 73 14 50 50 38 71 71 71
73 73 3 42 18 73 73 26 61 73
73 20 56 56 56 30 73 4 29
73 73 73 73 20 56
22 23 73 73 30
73 73 73 23 59
73 18 73 27 26 61
73 73 18 2
73 73 20 56 21
73 3 42 18 73 41 41
73 73 73 73 73 32 36 69 69 73 37
73 73 73 52 52 52 23
73 23 59 73 15 51 51
73 11 47 73 27 62 26 61 61 61 61 61
73 22 23 73 30
73 73 23 59 20
73 20 56 56 56 73 30
73 73 40 18 73 3 42
73 73 23 73 20 56 56 56
73 73 73 18
73 73 73 73 73 42 73 73 73 73 40
73 73 32 73 5
73 20 56 56 56 30 73 4
73 26 61 61
73 73 73 23 73 20 56 56 56 56
73 73 73 6 73 73 36 73 37
73 73 73 73 73 73 73 12 32 73 73 73 73 25
73 73 16 52 52 73
73 2 41 41
73 18 73 26 61
73 22 23 30 29
73 73 73 73 22 23 59 30 73 73 4 29
73 73 3 42 73 73 47 73 47 73 47
73 73 73 6 73 73 5 37 73 38 71
73 11 47 73 26 61
73 73 73 17 23 59 36
73 73 73 73 73 73 73 73 40
73 73 73 73 25 73 38 71
73 73 73 73 20 56 56 56
73 73 73 3 42 73 73 73 26 61 61 61 18 73 34 67
73 73 73 6 73 37 43
73 73 73 73 24 60 60 60 73 73 32 73 38
73 73 3 42 73 73 27 26 61
73 73 73 73 73 18 73 3 42
73 20 56 56 56 30 29
73 73 32 73 73 33 73 25 73 38
73 73 23 59 20 56 56
73 20 56 23
73 73 73 7 73 5 43
73 73 7 38 36 69 69 69 73 37 70
73 73 25 73 73 5
73 73 73 73 73 73 73 3 42 73 27 26 61 61 61 61 73
73 73 73 47 47 73 26 61 61 61
73 73 73 73 73 52 52 52
73 22 23 73 73 30 73
73 3 18 73 26 61 61
73 73 20 56 56 56 56
73 73 73 73 18 73 73 73 26 61 61
73 73 73 73 73 38 14 50 50 38 71 71 71 71 71 71
73 73 73 3 42 42 73 18 73 73 26 61 61
73 73 73 73 11 47 73 26 61 61
73 73 73 23 20 73 52 52 52
73 73 73 36 19 55 73 16 52 52 52
73 73 3 42 18 73 26 61 61 61
73 73 73 73 18 73 3 42 73 3 42 47 47 47 73
73 73 18 2 73 3 42 42
73 3 42 73 26 61
73 73 73 73 18 73 73 40
73 20 56 56
73 73 73 73 73 23 73 20 56
73 20 52 52
73 73 18 73 27 26 73
73 73 73 73 6 73 37 43 37
73 73 23 59 73 15 51 51
73 73 73 73 73 23 20 56
73 73 73 73 73 25 73 31 64 64 73 8 44
73 22 23 73 20 56 30 29
73 73 32 73 25 73 73 38 71
73 73 5 37
73 73 73 73 73 6 73 38 71 73 5 43 8
73 73 73 73 73 73 73 73 73 8 73 24 60 60 60 60
73 73 23 59 73 17 53 36 69 73 38 71 71
73 73 22 23 20 56 56 56 56 73 30 73
73 73 13 49
73 73 27 73 26 61 61 73 18
73 73 23 59 73 20 56
73 20 56 56 56
73 22 23 30 29 73 73 4
73 3 42 73 27 26 61 61 61 73
73 22 23 30 73 73 4
